{
  "matrix": [
    [
      11.4940522511,
      3.26357625805,
      9.60404536208,
      4.37149578809,
      2.9181760249,
      6.04285275697,
      15.7078042597,
      6.51906236392,
      9.12256247811,
      3.6331292361,
      4.87853490689,
      0.511531050184,
      10.7171426245,
      10.802041968,
      0.413992671469
    ],
    [
      6.15819189263,
      2.08387135902,
      1.66815757128,
      43.2876599413,
      7.83345675035,
      1.1930755029,
      3.48413221327,
      3.49870834677,
      7.27639306489,
      2.60948958467,
      6.72849473539,
      5.31982036385,
      2.43578184116,
      6.34781720955,
      0.0749496229761
    ],
    [
      11.4651817619,
      2.94508523048,
      8.26885612135,
      18.5746115695,
      1.4981200724,
      3.22433651488,
      9.74060776475,
      2.79455560315,
      4.86477006558,
      2.56821688501,
      5.88258898871,
      0.622175636453,
      8.41829460869,
      15.4035100658,
      3.7290891113
    ],
    [
      6.10796859663,
      1.34746068571,
      3.69027573989,
      35.0815737016,
      10.9520611016,
      1.32130033523,
      7.08203377841,
      3.2837846511,
      10.6581097359,
      4.26558476568,
      2.48036989816,
      1.5505523511,
      3.23594565315,
      8.92593816769,
      0.0170408380796
    ],
    [
      5.57340413433,
      2.95659061722,
      2.34183992844,
      5.34141843365,
      12.292060949,
      6.3339025504,
      2.55089917648,
      18.8440242039,
      8.2684127077,
      3.5526448485,
      1.54192643056,
      0.365997742452,
      8.74135406358,
      21.2375983176,
      0.05792589616
    ],
    [
      10.3132889025,
      2.10358664161,
      2.50122488978,
      17.2754612919,
      5.43529216427,
      6.93958640751,
      6.59197191078,
      7.76704228371,
      13.2673296351,
      3.71566257521,
      2.71518930347,
      3.28387524992,
      3.87261386841,
      13.4318816742,
      0.785993201696
    ],
    [
      5.0104742438,
      1.57618782553,
      2.57174725866,
      11.2098637288,
      10.0920827293,
      7.42550218103,
      10.1320730774,
      14.1701071012,
      9.41304191422,
      6.74604887927,
      2.30174062552,
      1.29046677589,
      1.5932874517,
      14.2468924301,
      2.22048377756
    ],
    [
      11.6454558288,
      1.62483463591,
      7.44763373006,
      9.93482456916,
      4.28650332299,
      1.99047676164,
      7.98858254109,
      2.79576386861,
      7.48045510428,
      10.4083338212,
      4.91762107421,
      1.19855152168,
      18.349316296,
      8.86684552179,
      1.06480140262
    ],
    [
      6.51952470002,
      5.92928431705,
      8.2913849453,
      5.08733861417,
      5.38057878384,
      2.18277727569,
      32.8758318196,
      2.39772539855,
      8.5492001672,
      5.87256794899,
      4.10249776733,
      0.75312442029,
      3.90711735137,
      8.13297138429,
      0.0180751062932
    ],
    [
      11.1783131053,
      3.95677464158,
      13.7809320525,
      6.43752082951,
      1.30867194058,
      3.63844447666,
      19.0100763903,
      3.60299165502,
      2.3286515024,
      14.8366175366,
      2.78186009133,
      0.714861103995,
      7.54049370941,
      8.68489667155,
      0.198894293321
    ],
    [
      6.20103403142,
      3.20161048892,
      3.61677744481,
      26.7914323089,
      3.2997691345,
      4.15077368613,
      3.40466186777,
      4.20837474027,
      18.030527608,
      3.2872498326,
      3.56813735791,
      1.41170760736,
      11.9475767144,
      6.44641459864,
      0.43395257838
    ],
    [
      5.28900641661,
      3.64267879548,
      3.6374719864,
      2.98647612619,
      37.7045884565,
      5.11588969028,
      6.57821445082,
      4.68631863788,
      9.37589564561,
      5.93797327673,
      1.43140532849,
      0.421824900957,
      6.12467146749,
      7.03624960301,
      0.0313352175775
    ],
    [
      28.13187553,
      1.39112049787,
      3.89940174427,
      32.2056950681,
      1.83275033341,
      1.42830829673,
      2.56123891619,
      3.54964453175,
      3.71200961771,
      4.50428256838,
      2.09331766503,
      1.52722053013,
      7.4979122223,
      2.54069390857,
      3.1245285696
    ],
    [
      6.14705622096,
      5.12428636789,
      12.5154562111,
      4.60261365592,
      1.54030585489,
      40.3750338995,
      1.69253189713,
      2.11803593188,
      5.94943394812,
      2.11282650956,
      1.01339535676,
      0.388421174869,
      2.34982851048,
      13.9462161457,
      0.124558315271
    ],
    [
      9.97143284715,
      7.22126496593,
      8.17018203877,
      3.8778621635,
      10.8162116047,
      2.13131881601,
      19.8731630526,
      6.9623703747,
      8.97141310372,
      6.98372067946,
      3.50922811525,
      0.537230405266,
      1.63922864417,
      9.30719499488,
      0.0281781938966
    ],
    [
      3.12152235903,
      0.513213157114,
      1.15122909414,
      8.73999677115,
      59.8447044979,
      2.64773918058,
      4.86409657447,
      2.35348174774,
      1.72330172472,
      1.67587026331,
      1.75532266917,
      1.94256683796,
      1.01032025171,
      8.60546283332,
      0.0511720376678
    ],
    [
      3.83109427651,
      1.00650421343,
      5.79111548753,
      7.38537233971,
      37.9988254823,
      1.96871295538,
      5.05049970514,
      8.09771680694,
      4.2263111694,
      3.94961159732,
      3.22926950592,
      0.75751838837,
      9.72012771003,
      6.85557620129,
      0.131744160711
    ],
    [
      16.6955383393,
      1.9104790821,
      4.03706680034,
      8.19119124294,
      1.36651981499,
      6.61257476099,
      18.7089543725,
      5.56008000453,
      16.3292116857,
      4.16773112949,
      2.58411109773,
      1.09223371329,
      2.5871930342,
      10.1320841646,
      0.0250307573297
    ],
    [
      15.2155092091,
      2.74251100141,
      4.68833032769,
      24.8110974575,
      13.090689876,
      3.28300473726,
      7.18109771976,
      1.29906269954,
      4.53902210813,
      4.94570018902,
      2.67163297859,
      1.60082936534,
      9.4834117555,
      3.90986779403,
      0.538232781097
    ],
    [
      6.89958215687,
      2.37390538045,
      12.1819189607,
      10.5450994387,
      2.88561906542,
      3.20729509151,
      6.06907816461,
      11.3047701731,
      6.41995214121,
      6.48006770699,
      4.43163446977,
      0.37956360617,
      13.0348533822,
      13.391003832,
      0.395656430217
    ],
    [
      10.6805368973,
      1.71522503278,
      3.59384708857,
      21.0050979993,
      2.53216792199,
      2.56453376852,
      5.96923072444,
      6.4676535442,
      13.669511052,
      9.62662600059,
      2.46062259186,
      0.404227110592,
      4.16308928831,
      13.3157646295,
      1.83186634997
    ],
    [
      8.70444265944,
      4.01914949976,
      5.66469225885,
      13.713613639,
      11.3556413058,
      1.75335618523,
      3.22085853145,
      3.58728713609,
      11.8099982376,
      6.68520717222,
      2.48568772022,
      0.46473003321,
      11.63402285,
      8.68397813293,
      6.21733463813
    ],
    [
      5.30536295576,
      1.40070278178,
      6.07585914154,
      39.1953486564,
      2.18003519683,
      3.03698978161,
      16.6525186496,
      3.24321648185,
      2.77775549239,
      6.72196953335,
      4.39685097326,
      1.36555522024,
      2.08059068783,
      5.5490987437,
      0.018145703956
    ],
    [
      7.93300932041,
      6.34736787621,
      4.53967933928,
      8.05043850706,
      6.50150865139,
      4.92502125656,
      10.5597963562,
      14.8697748283,
      8.64071491332,
      8.04546983191,
      3.10529684161,
      0.634119732652,
      6.1873869076,
      9.25479624898,
      0.405619388485
    ],
    [
      13.1351377351,
      1.1569060213,
      3.47145055896,
      12.4070788277,
      6.69861196538,
      1.08465007166,
      7.37688183704,
      7.41657805863,
      10.6879352106,
      7.38903399527,
      6.69939489034,
      12.4751664877,
      6.75293377913,
      3.24015235062,
      0.00808821062097
    ],
    [
      1.46101227846,
      1.05816323618,
      1.3055049287,
      3.40933693392,
      10.8414350426,
      1.1209974708,
      2.48638857475,
      3.3371455627,
      1.47054148094,
      0.917572227162,
      12.9936748027,
      35.4141974333,
      0.535943010482,
      3.3043388634,
      20.3437481539
    ],
    [
      7.63244874525,
      3.50570055124,
      7.000029286,
      4.58240690333,
      9.03308750324,
      6.43389399456,
      10.1416851515,
      8.99387580241,
      9.56667574747,
      14.1969717589,
      1.87155822474,
      0.662730254447,
      4.68587512246,
      11.5886609846,
      0.104399969825
    ],
    [
      12.9740383684,
      1.00617468644,
      3.91100617232,
      10.7067133389,
      3.59344019871,
      10.2862029,
      7.33923834381,
      17.477814027,
      5.91025268209,
      6.35270279063,
      1.21636524671,
      2.14307437979,
      8.10451081656,
      8.93599849142,
      0.0424675572343
    ],
    [
      3.21977028478,
      0.707151381997,
      3.63074002404,
      14.3445258194,
      1.06910148073,
      2.02057185981,
      11.0640145867,
      1.59097320751,
      1.57151726679,
      2.0518885381,
      16.3244575602,
      3.72424845358,
      0.615221938521,
      3.64180568656,
      34.4240119113
    ],
    [
      3.01779323178,
      3.22258035676,
      7.19554293197,
      20.0959425287,
      3.37603932406,
      7.05620024481,
      9.79271246873,
      3.49346266518,
      9.30025662554,
      4.23581269821,
      3.1454932095,
      0.300264704832,
      6.85101937453,
      18.6018732698,
      0.315006365632
    ],
    [
      17.7585758303,
      1.13940361823,
      4.73600219164,
      14.500700673,
      1.24897018447,
      2.69940265941,
      10.0348302513,
      8.86327994776,
      5.57906233658,
      3.42998455593,
      4.03405764894,
      1.8329708448,
      14.5188533235,
      9.17603336704,
      0.44787256712
    ],
    [
      20.7651271898,
      2.67994363623,
      4.01571992426,
      10.8106460786,
      2.25050735131,
      2.11274915457,
      4.95858380444,
      9.94553247157,
      7.4084775355,
      2.18161022965,
      3.35754675674,
      1.08171127177,
      20.7759404045,
      7.34060544189,
      0.3152987492
    ],
    [
      8.22413691441,
      2.63525054917,
      2.71500865233,
      5.49460034633,
      13.9279552262,
      9.45043319711,
      7.18439338402,
      9.88850512068,
      14.6756460892,
      3.4310608936,
      2.56196991614,
      0.642841361136,
      8.07950766488,
      10.9255304414,
      0.163160243378
    ],
    [
      7.81010866439,
      2.60981554654,
      4.40682163414,
      3.07060936023,
      9.80746910556,
      9.07346829026,
      9.75935486605,
      16.7767429782,
      6.74936932601,
      5.53782587078,
      3.52711851603,
      0.415498930004,
      3.59079208105,
      16.4896861837,
      0.375318647038
    ],
    [
      7.61749010735,
      6.36329561833,
      5.02698649813,
      9.41404619588,
      43.3163841875,
      1.61619662201,
      3.93661565215,
      1.20141512444,
      5.54711390192,
      6.37793607287,
      2.72162921977,
      0.488268728375,
      4.24798233577,
      2.08341996756,
      0.0412197679275
    ],
    [
      16.7025516829,
      8.1952035544,
      6.11512941512,
      4.1466058288,
      7.5159964229,
      3.65059403226,
      10.0099443055,
      3.60996303971,
      17.6424542296,
      3.93683273837,
      3.55525731047,
      1.44555395188,
      4.06171313292,
      8.64057048669,
      0.771629868467
    ],
    [
      0.242034885396,
      0.0951287094849,
      0.19945659405,
      0.365811239419,
      0.347405567587,
      0.110560164489,
      0.244550280168,
      0.168976188672,
      0.204977940701,
      0.124593748806,
      1.53893875236,
      95.8963510794,
      0.104762834658,
      0.331281812171,
      0.0251702025881
    ],
    [
      5.47503461334,
      2.39521082878,
      4.05878263177,
      3.75211284878,
      7.29561467832,
      3.04500248864,
      7.89887183311,
      6.13180762819,
      11.2539668184,
      8.85536391791,
      3.64567444994,
      4.09076487404,
      24.7131270299,
      7.26234303033,
      0.126322328484
    ],
    [
      29.1373475039,
      1.39038997705,
      2.9438657009,
      13.8920332952,
      1.19218255785,
      4.43130310275,
      2.85030437416,
      16.0910707089,
      5.81825826688,
      5.82418899851,
      1.64131545672,
      1.55964767093,
      6.22584152168,
      6.83302049786,
      0.169230366766
    ],
    [
      5.23721552897,
      9.92308072673,
      8.66748854713,
      5.59670215499,
      6.06872637657,
      4.05948853872,
      6.15261793811,
      9.87288578809,
      6.39950576502,
      17.5224653266,
      4.70712052805,
      0.704533869918,
      3.58933393921,
      11.237043028,
      0.261791943952
    ],
    [
      8.5196053984,
      3.80464802165,
      6.65313955414,
      4.24721100265,
      7.18944791972,
      7.86263459368,
      9.80554968273,
      7.38971037177,
      8.05676775005,
      3.92781129531,
      4.55567446899,
      2.16110149983,
      4.3836525983,
      14.2037224554,
      7.23932338734
    ],
    [
      9.33547134358,
      4.76215296985,
      7.53415553568,
      4.41636735311,
      4.38672919089,
      7.40092973787,
      9.66224163663,
      1.28004452701,
      8.35658174789,
      4.25136447649,
      7.35842810061,
      0.755605630906,
      15.4953639139,
      13.8152449648,
      1.18931887084
    ],
    [
      8.90082883456,
      3.2222242179,
      11.6669315886,
      14.0865210915,
      4.86117411782,
      3.54032240355,
      6.01342900981,
      9.4652851095,
      7.29362838581,
      2.64662655429,
      3.23729296813,
      0.307398392927,
      6.79434493102,
      17.8794849707,
      0.0845074238351
    ],
    [
      4.4806589321,
      2.84278986551,
      8.46206287997,
      6.72207222431,
      3.72778930179,
      25.1663554511,
      11.3654227362,
      6.54355257251,
      5.755941589,
      1.03967381022,
      4.06321059667,
      0.935689901472,
      1.91623919846,
      15.8139058225,
      1.16463511823
    ],
    [
      7.75595345106,
      5.99173874178,
      17.379312858,
      4.62212581705,
      1.97701111204,
      2.52499979211,
      14.1089156228,
      10.1650394835,
      4.68217388376,
      3.70068657131,
      5.6204737868,
      0.699695613482,
      13.109234821,
      7.08226306158,
      0.580375383713
    ],
    [
      1.15998321531,
      2.10538396382,
      6.77266320513,
      3.41105962823,
      0.638927058278,
      0.642008165496,
      2.47802882635,
      4.79533151366,
      1.04465251861,
      42.5601152996,
      4.01342013659,
      18.3918673355,
      1.18891375683,
      10.4997661886,
      0.297879187943
    ],
    [
      0.8358921174,
      2.09749329511,
      0.279627675798,
      0.492233287144,
      1.91617049908,
      0.851406372035,
      0.943555173642,
      0.23886185679,
      0.736446607039,
      0.706672084518,
      0.680489668616,
      89.0549953029,
      0.33874123536,
      0.769276162911,
      0.0581386617046
    ],
    [
      6.4214672151,
      3.84445912847,
      6.26001235721,
      4.24357484043,
      20.7268969273,
      5.97684651459,
      11.5806452952,
      3.82901238871,
      6.78549278319,
      4.97474409011,
      5.54129031631,
      1.08202672923,
      6.79402029149,
      8.70215919087,
      3.23735193179
    ],
    [
      3.92110983184,
      3.07579294463,
      14.2430572802,
      8.82645137367,
      3.16857383326,
      9.29768519528,
      4.96444689317,
      17.6163184911,
      4.8619153873,
      2.51011744814,
      3.24311151257,
      1.54955785741,
      2.01462653417,
      19.7383054599,
      0.968929957349
    ],
    [
      8.31376717586,
      3.59265397461,
      3.61122647162,
      18.4763111549,
      7.76478687986,
      5.64928357866,
      5.32863133099,
      1.4105430454,
      11.9150781241,
      10.0448111501,
      2.97917165107,
      4.21042853493,
      10.6407972755,
      5.74356945422,
      0.318940198201
    ],
    [
      2.56960999197,
      4.53895040168,
      6.49747358554,
      3.177403116,
      2.8531820345,
      11.1519546028,
      5.94037896154,
      8.6359300498,
      10.9209538741,
      4.94816706463,
      3.07170001143,
      0.471996762909,
      14.8442481465,
      20.3639574173,
      0.0140939792719
    ],
    [
      15.4500084514,
      1.25843617214,
      3.92265243395,
      24.5067773391,
      5.93281222574,
      3.16737919782,
      11.4916714687,
      11.8986715043,
      5.13636803759,
      1.29629655175,
      3.86423299754,
      2.19686294568,
      2.21756218227,
      7.48246723324,
      0.177801258899
    ],
    [
      2.32820312868,
      5.40043483,
      1.65918539491,
      46.740531247,
      11.3156254049,
      4.33623091242,
      1.83749009548,
      7.33908894843,
      7.93869094858,
      1.69030128478,
      1.44228204556,
      0.26880795792,
      2.4589132023,
      5.22698306717,
      0.0172315318456
    ],
    [
      3.13027355082,
      5.82535012385,
      11.8084076907,
      2.75760238286,
      2.80803849811,
      3.00744407059,
      4.92856133332,
      3.50989815451,
      3.367245186,
      2.04820969488,
      36.5685804801,
      11.243410461,
      2.5034669299,
      6.41486622278,
      0.0786452205781
    ],
    [
      9.04181327031,
      1.68935977464,
      6.6877109224,
      11.4494946417,
      4.9972293651,
      7.54811688153,
      9.23344332231,
      7.56503766901,
      7.6722192303,
      8.26826557732,
      4.02186023105,
      0.840789281696,
      5.92251958362,
      14.7973007382,
      0.264839510841
    ],
    [
      12.817196717,
      4.60146972448,
      5.26562691564,
      4.11393458977,
      1.66268261272,
      4.69112677349,
      13.6792645859,
      5.21505724153,
      6.80914622942,
      10.6964983833,
      5.31566138094,
      0.553511787794,
      3.94782976025,
      19.800914686,
      0.830078611798
    ],
    [
      7.30492978247,
      3.38370273705,
      5.30328111883,
      7.82907081536,
      9.30797507966,
      4.69526727011,
      11.1874001974,
      5.03106664161,
      6.14668979324,
      9.42161239015,
      7.07698644313,
      3.29656470216,
      5.84914619466,
      13.8410631508,
      0.325243683402
    ],
    [
      10.1762973058,
      1.82454894642,
      2.56082921992,
      5.74635413393,
      4.03344040472,
      4.50808142967,
      5.15774301396,
      3.42326394435,
      12.7819326186,
      17.7465091131,
      3.54576625853,
      0.69603904402,
      21.384190682,
      5.90603516409,
      0.50896872074
    ],
    [
      7.23038443063,
      3.2215011297,
      4.62289654341,
      8.27520875504,
      5.42755422481,
      11.13684089,
      9.49978919385,
      10.9165236751,
      8.86803430862,
      3.14079092064,
      5.81529245571,
      0.73197512263,
      7.01818482559,
      13.9323529922,
      0.162670532037
    ],
    [
      5.1265827653,
      3.49439400411,
      4.5803926045,
      3.50762513511,
      11.0243418304,
      11.1332405126,
      5.11211188965,
      14.2801543731,
      14.2908610246,
      4.00077271815,
      2.02923948468,
      0.531027978757,
      9.13269349091,
      11.6492502768,
      0.10731191128
    ],
    [
      9.06481375945,
      9.01966612319,
      5.80694620556,
      6.95108661819,
      4.2531399657,
      8.68081727505,
      5.25530293828,
      3.10124095642,
      20.4254520598,
      3.20699965194,
      5.12028483767,
      1.83754622683,
      3.36821601863,
      13.8517532027,
      0.0567341605865
    ],
    [
      5.7613696655,
      3.6964938408,
      5.11732730893,
      15.5748943654,
      2.33763442946,
      4.73969246104,
      8.54119083267,
      7.6979146259,
      16.0954553348,
      2.70130136314,
      2.28103417066,
      2.14170874696,
      6.61454809468,
      14.6816241048,
      2.0178106553
    ],
    [
      3.98250377303,
      3.86567253661,
      12.6569341211,
      23.8994225773,
      3.15495281735,
      4.77037854278,
      4.48518880989,
      10.3925069907,
      11.3195860725,
      4.99889166016,
      3.38651780004,
      0.554591686664,
      3.84715679288,
      7.85352339793,
      0.832172420997
    ],
    [
      3.34116204455,
      1.64617763979,
      8.4154683337,
      36.0127395884,
      2.72644745025,
      4.40997130556,
      15.7178125073,
      0.543600201597,
      2.33110640102,
      4.57311037365,
      4.25094862533,
      1.29593647614,
      7.63533274927,
      6.92676411328,
      0.173422190163
    ],
    [
      18.1325986434,
      1.73385311468,
      3.95152669669,
      6.91304211595,
      3.7991163224,
      2.82351621587,
      6.03327887775,
      5.02125838014,
      19.0470273729,
      8.40239513828,
      3.00963242862,
      0.543407053642,
      10.7575613539,
      9.8025945772,
      0.0291917086247
    ],
    [
      2.66919860993,
      0.806074154072,
      11.6966329139,
      37.1904700131,
      5.70088409982,
      1.17335219882,
      7.47131145373,
      0.845562330586,
      12.9168653822,
      7.22919691584,
      1.0531863065,
      3.00149155948,
      1.65944666452,
      5.41934267962,
      1.16698471787
    ],
    [
      4.86817863662,
      4.50429669341,
      20.0013129697,
      16.5997196582,
      2.93513182871,
      1.89291399768,
      11.0321194805,
      7.34365400086,
      4.21426694344,
      2.69160741425,
      13.2721990422,
      0.43754303698,
      3.59213126179,
      6.51476233842,
      0.100162697223
    ],
    [
      8.75608855398,
      2.22421232126,
      17.980792752,
      2.80823988574,
      6.88508818918,
      2.56359181082,
      12.3114329653,
      6.34927936418,
      6.43734778325,
      7.59325684946,
      4.6821815758,
      0.802246628879,
      6.19067217464,
      9.92468085034,
      4.49088829513
    ],
    [
      11.7765022088,
      2.569579744,
      8.24139049669,
      27.926575724,
      2.1386828965,
      3.40721323573,
      7.71632052015,
      5.6208259781,
      15.187011368,
      3.20147755341,
      2.04729434153,
      0.847259165292,
      3.56322390036,
      5.50785847144,
      0.248784396097
    ],
    [
      6.24734070164,
      2.07431213646,
      3.02727535987,
      15.8512043665,
      10.7078633283,
      8.85413855932,
      4.47157332493,
      7.89395862957,
      10.4563355744,
      4.20273681488,
      1.5072427525,
      1.50398863187,
      10.6474280835,
      11.8601432029,
      0.69445853335
    ],
    [
      15.7914089368,
      0.46206902567,
      2.00444255483,
      27.662828395,
      8.90225129433,
      0.58310527823,
      5.37765648365,
      2.1720587622,
      2.47432269307,
      15.2619064896,
      4.65476194397,
      3.8385428768,
      3.6950773137,
      4.34072601226,
      2.77884193988
    ],
    [
      10.647382379,
      1.92514620699,
      3.69472471202,
      23.7235462522,
      4.39778842827,
      2.05911416449,
      27.8781364827,
      3.74437183147,
      10.1494546135,
      2.30916106896,
      2.27180830666,
      0.966741498853,
      2.07831601624,
      3.62896388954,
      0.525344149037
    ],
    [
      4.30082617675,
      1.3515291771,
      13.1422672956,
      17.4172951141,
      0.903894990246,
      1.74904837988,
      11.6673278051,
      2.22654971989,
      2.28215925613,
      7.2117352368,
      3.32644448532,
      16.3268284329,
      9.73740149894,
      8.28852193358,
      0.0681704976255
    ],
    [
      5.67809214189,
      1.95818048049,
      2.01899222196,
      43.671713562,
      10.1920927498,
      0.869430422375,
      13.0949831574,
      1.44029029863,
      1.55957516494,
      4.753246737,
      2.76644902131,
      5.08375361119,
      4.01576566359,
      2.56186092875,
      0.335573838704
    ],
    [
      7.19879435634,
      5.46134298266,
      3.46476453769,
      6.57540448783,
      17.2116645241,
      9.36455142971,
      4.99849818376,
      2.08618096412,
      15.7137714499,
      10.2523397712,
      2.43399587259,
      0.613525093941,
      4.89844152924,
      9.53090135678,
      0.195823460135
    ],
    [
      18.1817446177,
      1.61166743672,
      2.49770714829,
      6.89191855394,
      7.18759457656,
      7.14938098391,
      11.6762544015,
      8.23913771607,
      5.18499551701,
      5.48097201755,
      6.01221475024,
      1.40379970172,
      3.1071431386,
      15.0766042248,
      0.298865215418
    ],
    [
      8.90041973306,
      2.44743803948,
      5.32590814445,
      8.62072175747,
      3.97196460488,
      5.12051413799,
      3.19682960134,
      9.40553606133,
      7.09189849424,
      2.87244164673,
      3.31512314159,
      0.71799710841,
      29.8606538768,
      9.09799666611,
      0.0545569861513
    ],
    [
      4.17882282271,
      4.30628441697,
      2.26402351816,
      5.46018473931,
      5.5951028345,
      4.74180894616,
      5.02434086619,
      4.6712952316,
      9.10698382025,
      13.23155879,
      3.38467991294,
      1.99465180597,
      8.47308505461,
      10.6209180791,
      16.9462591615
    ],
    [
      5.02426444315,
      2.71467048197,
      1.90980634487,
      27.7027566066,
      3.92113137381,
      1.51019526098,
      4.61705325588,
      1.75529886589,
      1.72353570371,
      3.21595820505,
      12.5132229234,
      14.7619004201,
      1.79252275773,
      16.6046989323,
      0.232984424605
    ],
    [
      9.75904705562,
      1.74522934159,
      5.12995323063,
      22.1109460258,
      8.72021260339,
      5.29745610871,
      9.33585579006,
      3.19495209994,
      6.47311135092,
      7.74198810793,
      3.95102444068,
      1.28446401457,
      4.51511097422,
      10.734337987,
      0.00631086890764
    ],
    [
      8.29621315709,
      4.66969658389,
      3.99613088184,
      6.00387596477,
      4.5334916366,
      7.18418790182,
      8.6124357665,
      5.15033760664,
      10.1308078951,
      5.91774083256,
      2.46536953798,
      0.430364060122,
      17.0872964275,
      12.6667262704,
      2.85532547726
    ],
    [
      8.38412008411,
      2.68393472661,
      5.02518722328,
      8.83431151388,
      15.8567822944,
      3.77947403708,
      15.9348827914,
      6.28058237943,
      15.1859616079,
      7.30729646976,
      1.63704596058,
      0.821797558298,
      3.12798198013,
      5.12239492919,
      0.0182464440235
    ],
    [
      9.5009090257,
      2.20345352285,
      3.72796477644,
      3.1246538434,
      4.52792721836,
      16.4174664992,
      9.04829288536,
      13.4825254217,
      13.5000950239,
      7.11811687017,
      2.02710513721,
      0.296393493513,
      1.3050297674,
      13.6530829389,
      0.0669835758441
    ],
    [
      7.67450735697,
      3.35495663036,
      4.16601125379,
      7.1663207928,
      11.7072282474,
      6.76611875879,
      4.39024477674,
      3.07956450424,
      18.7631540664,
      7.62974232267,
      6.63325047805,
      1.07378919749,
      3.28072373618,
      14.0116154599,
      0.302772418187
    ],
    [
      9.01272321837,
      1.48614103734,
      8.52178594876,
      9.89002606962,
      6.64161592437,
      5.6902349319,
      7.8258934052,
      2.55438683215,
      12.4850267747,
      4.44628644357,
      2.14121582623,
      0.796787606407,
      10.3094713106,
      17.9982322085,
      0.200172462289
    ],
    [
      5.51720839994,
      3.36283416867,
      9.27110362119,
      2.81580646557,
      6.74837527251,
      5.36866618703,
      6.8914612576,
      29.815341823,
      5.32907593633,
      12.2199710543,
      2.13026504456,
      0.655793515645,
      3.73802819073,
      5.89402790964,
      0.242041153291
    ],
    [
      9.73004602549,
      3.22447108982,
      11.7058294468,
      5.65450051731,
      4.3033460816,
      2.89112861819,
      13.3698703234,
      3.67993529289,
      6.25998411379,
      6.93183385446,
      12.0589959846,
      0.714280427474,
      4.15738355088,
      15.281452708,
      0.0369419653229
    ],
    [
      1.95033495168,
      1.91346960454,
      7.9349622453,
      3.09351986238,
      30.9889405698,
      1.21764304806,
      6.88316825989,
      2.81769077259,
      5.30819407174,
      22.2415951847,
      2.75814298588,
      1.05942861344,
      5.24248196953,
      6.5484390734,
      0.0419887870459
    ],
    [
      7.45698149167,
      3.59690799838,
      7.21052840586,
      4.08819728278,
      6.83260026195,
      7.72350111076,
      7.4195878321,
      8.79679010342,
      10.959296298,
      10.0195929815,
      1.95825414405,
      0.529946151527,
      8.93369514755,
      14.4517712867,
      0.0223495036192
    ],
    [
      0.286113151956,
      0.194381001457,
      0.307518183968,
      1.99126102903,
      2.3450237547,
      0.213985904118,
      0.438048307743,
      0.240938786627,
      0.360821633728,
      0.4894938412,
      0.496394045841,
      91.9874604474,
      0.212717322349,
      0.284792163902,
      0.151050426017
    ],
    [
      9.70438799403,
      1.89693739303,
      4.03087523024,
      10.0463297168,
      12.8269159605,
      11.0289400803,
      5.8677149953,
      9.90079683611,
      6.81788642279,
      7.06886582911,
      2.19034153852,
      0.821248041683,
      7.02761695061,
      10.5308743651,
      0.24026864587
    ],
    [
      16.0699131535,
      2.12019628388,
      3.84448380646,
      5.32514280857,
      6.00927609082,
      1.95784508404,
      6.38300620625,
      3.98809550238,
      7.80382714456,
      9.98245731211,
      3.36694936458,
      1.24006012951,
      28.1107920489,
      3.78826712588,
      0.00968793858845
    ],
    [
      1.96682229179,
      2.51041673289,
      0.871638169385,
      28.9412695132,
      28.5829003323,
      6.52647023028,
      3.23916729211,
      6.3215056731,
      3.16127645107,
      2.92086824791,
      3.77207733329,
      2.61872308617,
      2.24047294656,
      6.30979133668,
      0.016600363218
    ],
    [
      5.99452372684,
      0.900968699228,
      5.75898524167,
      16.4078246215,
      2.8109554223,
      7.05545217713,
      5.48910430313,
      11.5680931026,
      5.16213413583,
      4.58468657178,
      3.76111046852,
      0.577269963131,
      15.3664968561,
      14.4250245428,
      0.137370167475
    ],
    [
      7.20854231222,
      2.51087321165,
      3.08843885703,
      25.2909540644,
      7.32647437057,
      2.98104973131,
      6.26326738535,
      8.99345937711,
      8.01819279123,
      9.69359795107,
      1.37633970518,
      0.63401511178,
      8.18395366145,
      8.41867501021,
      0.0121664594857
    ],
    [
      8.54296555719,
      1.56200899867,
      5.12280944904,
      7.80823548825,
      6.73794322095,
      4.45943821996,
      23.0855319354,
      3.62956835055,
      6.69179957879,
      12.9647523973,
      4.86606582791,
      1.06699257669,
      5.32112424014,
      8.11814303906,
      0.0226211201095
    ],
    [
      6.71486496499,
      2.76780226944,
      9.56448643421,
      11.4804610349,
      3.91219469239,
      6.81304653362,
      6.85451266294,
      8.55706112229,
      8.90360332431,
      4.85556781834,
      2.9312555393,
      1.18301333444,
      13.245750812,
      12.0843208832,
      0.132058573651
    ]
  ],
  "termFreqMap": {
    "Akaka, Daniel Kahikina": 2562,
    "Alexander, Lamar": 2265,
    "Allard, Wayne": 683,
    "Allen, George": 2509,
    "Baucus, Max": 748,
    "Bayh, Evan": 1419,
    "Nelson, Ben": 2395,
    "Bennett, Bob": 2881,
    "Biden, Joseph R.": 2179,
    "Nelson, Bill": 755,
    "Bingaman, Jeff": 2355,
    "Bond, Christopher S.": 4870,
    "Boxer, Barbara": 2611,
    "Breaux, John": 7801,
    "Brownback, Sam": 5385,
    "Bunning, Jim": 2361,
    "Burns, Conrad": 7313,
    "Byrd, Robert C.": 851,
    "Campbell, Ben Nighthorse": 616,
    "Cantwell, Maria": 551,
    "Carper, Thomas": 2625,
    "Chafee, Lincoln D.": 122,
    "Chambliss, Saxby": 252,
    "Clinton, Hillary Rodham": 5080,
    "Cochran, Thad": 367,
    "Coleman, Norm": 5277,
    "Collins, Susan": 2915,
    "Conrad, Kent": 611,
    "Cornyn, John": 7305,
    "Corzine, Jon S.": 987,
    "Craig, Larry": 2945,
    "Crapo, Mike": 3049,
    "Daschle, Tom": 5332,
    "Dayton, Mark": 1986,
    "DeWine, Mike": 845,
    "Dodd, Chris": 3674,
    "Dole, Elizabeth H.": 17362,
    "Domenici, Pete V.": 3085,
    "Dorgan, Byron L.": 400,
    "Durbin, Dick": 2104,
    "Edwards, John": 2364,
    "Ensign, John": 3427,
    "Enzi, Mike": 3354,
    "Feingold, Russ": 3963,
    "Feinstein, Dianne": 4621,
    "Fitzgerald, Peter G.": 4996,
    "Frist, Bill": 19109,
    "Graham, Bob": 1251,
    "Grassley, Chuck": 8828,
    "Gregg, Judd": 241,
    "Smith, Gordon H.": 566,
    "Hagel, Chuck": 1017,
    "Harkin, Tom": 17879,
    "Hatch, Orrin G.": 21184,
    "Hollings, Ernest Fritz": 1181,
    "Hutchison, Kay Bailey": 2292,
    "Inhofe, James M.": 608,
    "Inouye, Daniel K.": 2586,
    "Jeffords, Jim": 1954,
    "Johnson, Tim": 3556,
    "Kennedy, Edward": 4600,
    "Kerry, John": 2014,
    "Kohl, Herb": 1259,
    "Kyl, Jon": 1421,
    "Landrieu, Mary L.": 1718,
    "Lautenberg, Frank": 82,
    "Leahy, Patrick": 4624,
    "Levin, Carl": 5615,
    "Lieberman, Joe": 424,
    "Lincoln, Blanche": 1917,
    "Lott, Trent": 1338,
    "Lugar, Richard G.": 1167,
    "McCain, John": 3782,
    "McConnell, Mitch": 1008,
    "Mikulski, Barbara A.": 2080,
    "Miller, Zell": 1889,
    "Murkowski, Lisa": 485,
    "Murray, Patty": 3393,
    "Nickles, Don": 6744,
    "Pryor, Mark": 487,
    "Reid, Harry": 4537,
    "Roberts, Pat": 611,
    "Rockefeller, Jay": 1867,
    "Santorum, Rick": 1294,
    "Sarbanes, Paul S.": 1028,
    "Schumer, Charles E.": 8230,
    "Sessions, Jeff": 525,
    "Shelby, Richard C.": 2396,
    "Snowe, Olympia J.": 2297,
    "Specter, Arlen": 16164,
    "Stabenow, Debbie": 2179,
    "Stevens, Ted": 3489,
    "Talent, James": 1647,
    "Thomas, Craig": 2209,
    "Voinovich, George V.": 497,
    "Warner, John": 1078,
    "Wyden, Ron": 1907
  },
  "termIndex": [
    "Akaka, Daniel Kahikina",
    "Alexander, Lamar",
    "Allard, Wayne",
    "Allen, George",
    "Baucus, Max",
    "Bayh, Evan",
    "Nelson, Ben",
    "Bennett, Bob",
    "Biden, Joseph R.",
    "Nelson, Bill",
    "Bingaman, Jeff",
    "Bond, Christopher S.",
    "Boxer, Barbara",
    "Breaux, John",
    "Brownback, Sam",
    "Bunning, Jim",
    "Burns, Conrad",
    "Byrd, Robert C.",
    "Campbell, Ben Nighthorse",
    "Cantwell, Maria",
    "Carper, Thomas",
    "Chafee, Lincoln D.",
    "Chambliss, Saxby",
    "Clinton, Hillary Rodham",
    "Cochran, Thad",
    "Coleman, Norm",
    "Collins, Susan",
    "Conrad, Kent",
    "Cornyn, John",
    "Corzine, Jon S.",
    "Craig, Larry",
    "Crapo, Mike",
    "Daschle, Tom",
    "Dayton, Mark",
    "DeWine, Mike",
    "Dodd, Chris",
    "Dole, Elizabeth H.",
    "Domenici, Pete V.",
    "Dorgan, Byron L.",
    "Durbin, Dick",
    "Edwards, John",
    "Ensign, John",
    "Enzi, Mike",
    "Feingold, Russ",
    "Feinstein, Dianne",
    "Fitzgerald, Peter G.",
    "Frist, Bill",
    "Graham, Bob",
    "Grassley, Chuck",
    "Gregg, Judd",
    "Smith, Gordon H.",
    "Hagel, Chuck",
    "Harkin, Tom",
    "Hatch, Orrin G.",
    "Hollings, Ernest Fritz",
    "Hutchison, Kay Bailey",
    "Inhofe, James M.",
    "Inouye, Daniel K.",
    "Jeffords, Jim",
    "Johnson, Tim",
    "Kennedy, Edward",
    "Kerry, John",
    "Kohl, Herb",
    "Kyl, Jon",
    "Landrieu, Mary L.",
    "Lautenberg, Frank",
    "Leahy, Patrick",
    "Levin, Carl",
    "Lieberman, Joe",
    "Lincoln, Blanche",
    "Lott, Trent",
    "Lugar, Richard G.",
    "McCain, John",
    "McConnell, Mitch",
    "Mikulski, Barbara A.",
    "Miller, Zell",
    "Murkowski, Lisa",
    "Murray, Patty",
    "Nickles, Don",
    "Pryor, Mark",
    "Reid, Harry",
    "Roberts, Pat",
    "Rockefeller, Jay",
    "Santorum, Rick",
    "Sarbanes, Paul S.",
    "Schumer, Charles E.",
    "Sessions, Jeff",
    "Shelby, Richard C.",
    "Snowe, Olympia J.",
    "Specter, Arlen",
    "Stabenow, Debbie",
    "Stevens, Ted",
    "Talent, James",
    "Thomas, Craig",
    "Voinovich, George V.",
    "Warner, John",
    "Wyden, Ron"
  ],
  "topicIndex": [
    "Topic 0",
    "Topic 1",
    "Topic 2",
    "Topic 3",
    "Topic 4",
    "Topic 5",
    "Topic 6",
    "Topic 7",
    "Topic 8",
    "Topic 9",
    "Topic 10",
    "Topic 11",
    "Topic 12",
    "Topic 13",
    "Topic 14"
  ]
}
